ONR__Sponsored Problems for 1954

Internal Problems

t  Iime in minutes  #  Time in Minutes $_  Time in Minutes
101 720.0 232 88.0 100 19250.5
113 2062.0 234 16,2 131 1189.9
116 44,0 140 798.0
120 2313:0 141 6645
122  407.8 TOTAL 173 993.0
123 1597.5 55 Bous 1.0 nivntes 196 1777.0
134 . 136.0 | 197  2863.2
136  65.0 | 198  1189.0
138 807.0 219 28,2
144 302.0 221 352,43
147 8239,7

152 784.0 TOTAL

1557 55917

157 a2 485 hours, 5.6 minutes
160 91.0

161  248.0

162 106.0

170 -+ 47,0

172 1933.0

1507520

175 1554.0

181 74.0

184 2450,0

194 1548.4

199 660.0 i s . Spges

201  353.6 axéj\‘ gt [ib>3m~~

204  303.0 ]

205  307.0

206 164.0

2300 93423

N el

218  28.0

223 7.4

295 = o7

227 2.9

228 24,9

230 21.3