ONR Sgonsored Problems for 1251+

Internal Problems

L Time in minutes #_ Time in Minutes 1L. Time in Minutes
101 720.0 232 88.0 100 19250.5
113 2062.0 23b, 16,2 131 1189.9
116 114.0 1140 798.0
120 2313.0 141 6614.5
122 407.8 TOTAL 173 993.0
123 1597-5 Egg—EEG;§TT:§-EEEGEEE 196 1777.0
134 136.0 197 2863.2
116 65.0 198 1189.0
138 807 . 0 219 28. 2
1m 302.0 221 352.3
11;? 8239.7

152 780.0 TOTAL

155 5591.7

157 7'0 485 hours, 5.6 minutes
160 91.0

161 2u8.0

162 106.0

170 [+7.0

172 1933.0

174 175.0

175 15511.0

181 74.0

180 2050.0

1% 1508.4

199 660.0 Mi? 1 2,013, 1 (LJI‘

201 353.6 :1 , 2

2014 303.0

205 307.0

206 164.0

212 111.3

21.7 614.2

218 28.0

223 7.14

225 27.0

227 2.9

228 211.9

230 21.3


